r = 10;
delta = 0.1;
alpha1 = 0.5;
alpha2 = 0.5;
b = 1;
kp = 1.5;
kd = 4.5;
beta = [70 60 100];